image: indian_cross_18_4_18.png
resolution: 0.0390625
origin: [-20.0, -20.0, 0.000000]
negate: 0
occupied_thresh: 0.65
free_thresh: 0.196

