image: airport_departure.pgm
resolution: 0.080000
origin: [-224.54, -163.83500, 0.000000]
negate: 0
occupied_thresh: 0.65
free_thresh: 0.196

